Eva | Cultural Hotspots Around the World | 1739373500 | Which cities offer the best cultural experiences?
-------
Frankie | 1739374400 | Tokyo offers a blend of tradition and modernity.
George | 1739375300 | Paris is unbeatable for art and history.
Helen | 1739376200 | Istanbul bridges continents and cultures beautifully.
Ian | 1739377100 | New York City is a melting pot of global cultures.
